************************RT*****************************
-1911613242

-145475904

1597810692

979767950

1182037433

-1019837236

1999305370

543545740

1200370269

1037214098

-1540913796

2024941733

899112485

698145739

1382144845

1945669448

-918534397

1739037226

-1270543653

-900920356

320119325

82094646

1231040674

474946504

-1103036300

-528810152

1204402275

-2136405983

-2086331444

2096556528

-239030070

1562482981

945892675

-684492168

-593868497

822353302

-1309238446

53571250

-1138246963

-521634126

-1309021134

-1461555989

-306729324

-390134241

1762329069

-844382726

251129089

-589977617

693960208

-1734997442

-1719366851

-1660261910

-1545360091

1439067812

1044236256

443101572

354642376

1163284894

-186872966

2011452798

-1171113008

-1208034677

-130164289

-1236283974

1992091114

*******************************************************
========================PT=============================
-1911613242

-145475904

1597810692

979767950

1182037433

-1019837236

1999305370

543545740

1200370269

1271803940

1037214098

-1540913796

2024941733

899112485

698145739

1382144845

1945669448

-900920356

-918534397

1739037226

-1270543653

320119325

82094646

1231040674

474946504

2096556528

-1103036300

-2136405983

-528810152

1204402275

-2086331444

-239030070

1562482981

945892675

-684492168

-593868497

-1236283974

-306729324

822353302

-1309238446

53571250

-1138246963

-521634126

-1309021134

-1461555989

-390134241

1762329069

-844382726

251129089

-1660261910

-589977617

693960208

-1734997442

-1719366851

1059640808

-1545360091

1439067812

1044236256

443101572

354642376

1163284894

-186872966

2011452798

-1171113008

-1208034677

-130164289

-1645628673

1992091114

1476704661

-1670887573

193668835

-2014643349

=======================================================
RT Accumulated: 65

PT Accumulated: 72

RT Average: 61.3

PT Average: 64.7

