************************RT*****************************
-1376662913

899115645

317732814

-663627575

1037936024

-723622946

1317834873

1706519272

1314330480

528654908

-953478555

872757260

-51508022

755164921

1185041631

-2122511617

-951314521

676621606

369655366

1257109827

2135983378

374424408

*******************************************************
========================PT=============================
-1376662913

899115645

317732814

-663627575

1037936024

-723622946

1317834873

1706519272

1314330480

528654908

-953478555

872757260

-51508022

755164921

1185041631

-2122511617

-951314521

676621606

369655366

1257109827

2135983378

374424408

=======================================================
RT Accumulated: 22

PT Accumulated: 22

RT Average: 20.2

PT Average: 21.4

