************************RT*****************************
789831002

-246346665

455324394

-767786928

-661036227

-1987216279

*******************************************************
========================PT=============================
789831002

-246346665

455324394

-767786928

-661036227

-1610849295

-1790873900

1981423753

1416749349

-705620785

226654449

433280838

-1737026739

-1142875310

-1540030355

-1742397527

-402172105

130476885

2139774990

1019739325

-1987216279

1819054693

-374890415

=======================================================
RT Accumulated: 6

PT Accumulated: 23

RT Average: 3.8

PT Average: 17.9

