************************RT*****************************
1935773967

-1406838555

-2104762173

464690299

1448698502

1402689663

1552681913

-1691134560

1975706432

440114737

2108001998

2099539208

1079194077

-634465445

-625521578

982678561

-837137941

1261506927

96429961

-1320497316

-47166455

-1816930247

-33874292

883356899

-1304615926

-2052282527

1386314329

-347480630

941263231

-622667453

153468631

-1336302749

1287045345

1542815432

317856628

-1735477151

-266123269

-136819254

-1909368361

-461529685

-427913344

-432189467

519751920

2128135919

566792707

2131388075

-1598773030

1706500141

312157280

-1044729629

1081284691

-617232778

-856058434

-675017420

2091662016

-2092694027

293229690

-1780404125

-281899261

-1872418781

-1372933172

-759070425

-1556293769

708866767

-909264823

-1546693947

-1612244627

-1192215924

1952964277

1811818461

680995066

-1563922000

1250124853

789626669

-1681308034

579119736

-748037109

-2142056227

-481958624

2127119106

-1468470475

-1039211753

1203208761

-1763771525

963126109

-1143689129

594308622

-1305000005

-1170973131

-1787524578

-104217988

-1643612116

-536315634

1263795047

-273245973

-1100187680

-1391101203

1532918042

858612038

1767756792

-1789902444

407493446

-766769471

-1100187711

-960878086

-1851001091

-697350671

-794520912

959105573

228817006

40425161

343253109

380885735

108610657

1307766956

529942290

-211274114

297662178

406824956

-628820961

1735393871

674635581

-1678229092

654411341

470999692

-1204068889

810377457

223761544

397492130

1120968150

-176183774

-199685792

1668157957

1534917278

-1946891929

479396656

-1799645098

1293530563

556085868

-384867545

-416885546

19832306

2059442423

863974658

1225859322

-911404186

-931299014

2038943887

1820090385

-948065485

-985752693

-551246827

-1913298047

-322175244

-315858823

-1445773298

1375045218

11278975

-1743304755

1245120257

1915832418

1415505234

1263463741

-592854266

1492004122

-969701879

-846417854

1092375570

-685174030

606195656

1800174438

-282962978

1801398756

2048051946

999689336

-1980894922

1838527014

355839311

-1570843480

51126578

-1210284456

-2000260047

180827820

-1393183074

1252624590

-100657098

1081726479

1150288905

160089409

508286548

970659994

1617818548

-1249413527

1419009609

-1700409639

-803656566

-1287651751

-1012126320

182300777

101137530

1050566265

1639230116

789284831

-185967330

1666295128

-113846897

-1356659132

2024941733

-409163997

1739037226

1204402275

53571250

-1734997442

443101572

-186872966

504214299

581998617

-1056430989

184046466

-1018092958

-654593937

1008446014

2094406022

-742205836

-1559066599

-780777382

128591183

-265670384

238568021

505438613

1790923672

-1525019526

1380416731

374248578

924851594

*******************************************************
========================PT=============================
1935773967

-1406838555

-2104762173

464690299

1448698502

854287585

1402689663

1552681913

-1691134560

1975706432

440114737

2108001998

2099539208

1079194077

-634465445

-625521578

982678561

789626669

1287045345

-1320497316

-837137941

1261506927

96429961

-47166455

-1816930247

1405429112

-33874292

883356899

-1304615926

-2052282527

1386314329

-347480630

941263231

-622667453

153468631

-1336302749

-1763771525

1706500141

-1350819925

-790219989

-994272435

840196372

317856628

183000673

-1735477151

1176799656

-846417854

-266123269

-136819254

-1909368361

-461529685

-427913344

-432189467

519751920

2128135919

566792707

2131388075

-1746952312

-1598773030

-1643612116

550261478

463943452

-759070425

1373858145

-1044729629

1014580948

1081284691

1033052561

-617232778

-856058434

-675017420

2091662016

-2092694027

293229690

-1780404125

-281899261

-1585730764

-1872418781

-1372933172

1542815432

-972308398

1203208761

-1835624175

-1883437183

606195656

708866767

-909264823

-1546693947

-1612244627

-1192215924

1952964277

1811818461

680995066

-1563922000

28030402

1250124853

312157280

-104217988

1760445886

1800174438

579119736

-748037109

-2142056227

-481958624

2127119106

-1468470475

-1039211753

-1556293769

-1391101203

502557832

-1295949461

1801398756

963126109

-1143689129

594308622

-1305000005

-1170973131

-1787524578

789284831

-1483286544

-1681308034

622474538

-536315634

1263795047

-273245973

1883392391

-1100187680

1666295128

-1603165668

1532918042

75195800

858612038

1767756792

-1789902444

-1894855350

565688866

-1150373697

407493446

-766769471

-1472117476

285753496

-1100187711

1346613103

-960878086

-1851001091

-697350671

999689336

959105573

-794520912

-1980894922

1996771504

228817006

40425161

-1629716362

700425038

343253109

380885735

1307766956

108610657

529942290

-211274114

406824956

297662178

-628820961

1735393871

674635581

249064788

95638719

-1678229092

654411341

470999692

-1204068889

810377457

223761544

-176183774

397492130

1120968150

-199685792

82094646

-1252670985

1668157957

1534917278

1349394601

-1946891929

479396656

-1799645098

1293530563

556085868

-384867545

945892675

823753157

728812508

-416885546

19832306

2059442423

863974658

1225859322

1762329069

-702755183

1889913465

-911404186

-931299014

2038943887

1820090385

-1545360091

2095226980

-1110538859

-948065485

-985752693

-551246827

354642376

469304794

-123260723

-1913298047

-322175244

2011452798

829105819

-315858823

-1445773298

1375045218

1429619103

-2045849566

-121723958

11278975

-1743304755

1245120257

1915832418

-1697591297

1415505234

1263463741

-592854266

-1287651751

184046466

1492004122

-1700409639

-969701879

1092375570

-685174030

182300777

101137530

-282962978

1265796883

2048051946

1050566265

-1696309228

-2142255438

237036565

-1703847177

-878171464

1838527014

-1463991275

355839311

-531223025

-1570843480

51126578

-1210284456

-2000260047

180827820

735508291

-1393183074

1252624590

-100657098

1081726479

1831041694

1150288905

160089409

352419003

508286548

970659994

1617818548

-1249413527

1419009609

-348174578

-803656566

-1012126320

-244380620

-354413171

518185957

1639230116

965596788

707208418

-113846897

-185967330

324258188

2024941733

394833627

1739037226

1074140325

-1356659132

1204402275

-1567345559

-409163997

53571250

1424854702

-1734997442

-542956650

443101572

-186872966

504214299

581998617

-1056430989

-1018092958

-654593937

-1136882284

1008446014

-120972732

2094406022

-742205836

-1559066599

-780777382

128591183

-265670384

238568021

505438613

1790923672

-1525019526

1380416731

956679048

1661931218

-2029427925

-397998632

-1770208098

374248578

924851594

=======================================================
RT Accumulated: 235

PT Accumulated: 324

RT Average: 179.2

PT Average: 243.8

