************************RT*****************************
177878182

-1997237536

1769150335

898962517

-1038844186

-2125910277

262602547

-2025283371

1949927403

-1773824887

-82775620

-2053319844

-2101071687

-809609402

-306087225

-1367061656

-519592071

-833954741

-1768109025

449022407

1774582770

-1531524034

962703205

908887569

-380146016

-1869534121

-1399576864

-1232604201

-740619128

1165412922

-2137711279

-1692639210

1339663114

*******************************************************
========================PT=============================
177878182

-1997237536

1769150335

898962517

-1038844186

1054559288

-2125910277

262602547

-2025283371

1949927403

-1773824887

-82775620

-2053319844

-2101071687

-809609402

-306087225

-1367061656

-519592071

-833954741

-1768109025

449022407

1774582770

-1531524034

962703205

908887569

-380146016

-1869534121

-1399576864

-1232604201

-740619128

1165412922

-2137711279

-1692639210

1339663114

=======================================================
RT Accumulated: 33

PT Accumulated: 34

RT Average: 17.0

PT Average: 17.8

