************************RT*****************************
-1911613242

-145475904

1597810692

979767950

-1171113008

1250373184

-1019837236

-1445134174

1211714052

543545740

1200370269

1559447998

-1242873991

-1540913796

-1208034677

1759524321

698145739

1382144845

1945669448

-2062054104

1231040674

-1270543653

-684492168

-405243682

-593868497

-1103036300

-844382726

-900920356

-413869812

251129089

822353302

-1719366851

2096556528

-1461555989

1767956196

343166036

1439067812

-589977617

1044236256

-2136405983

-306729324

-453260172

-2095003801

1163284894

-1660261910

-2086331444

-500474683

-1011843069

-521634126

-1138246963

1037214098

535307756

1937613416

-208352481

1182037433

1890325266

1992091114

-1612081060

-395410245

-955948820

*******************************************************
========================PT=============================
-1911613242

-145475904

1597810692

979767950

1182037433

-1171113008

1250373184

-1019837236

1890325266

-1445134174

1211714052

543545740

1200370269

1559447998

-1242873991

-1540913796

-1270370971

-1208034677

1759524321

698145739

1382144845

1945669448

-900920356

-151487983

-918534397

-2062054104

1231040674

2096556528

-684492168

-2136405983

-1270543653

-405243682

-593868497

-306729324

-844382726

474946504

-1103036300

-1645628673

-413869812

251129089

-1660261910

-1719366851

-1236283974

822353302

-1461555989

1767956196

343166036

1439067812

1044236256

-589977617

-2086331444

-453260172

-2095003801

1163284894

-521634126

-500474683

-1011843069

-1138246963

1037214098

535307756

145892480

2112204415

1937613416

-208352481

1992091114

-1612081060

-395410245

1299975037

-609209076

1762329069

-1545360091

354642376

2011452798

-239030070

-390134241

-955948820

1476704661

-1670887573

836199621

=======================================================
RT Accumulated: 60

PT Accumulated: 79

RT Average: 44.6

PT Average: 58.5

