*****************************************************
840196372 20 8
1373858145 20 8
1033052561 3569 10
2095226980 2616 9
-1703847177 60 8
-1835624175 10 9
518185957 20 6
854287585 10 10
1176799656 3336 5
249064788 140 10
95638719 2899 9
-702755183 2899 9
956679048 356 1
-120972732 180 2
285753496 3569 9
-878171464 100 8
735508291 10 3
2011452798 2337 15
-1252670985 2899 9
945892675 310 10
-2029427925 20 1
469304794 2616 9
1074140325 530 3
-1463991275 100 8
-1136882284 11 2
550261478 670 10
-1629716362 140 10
1346613103 10 4
728812508 2027 6
-2045849566 2337 10
622474538 10 7
-348174578 14160 6
1996771504 10 10
237036565 10 8
-542956650 371 3
352419003 20 2
463943452 20 10
1405429112 1905 5
1831041694 20 2
1424854702 530 3
707208418 170 1
-1545360091 310 10
1349394601 1997 8
-790219989 6701 17
-1585730764 1372 10
-1150373697 10 10
82094646 310 10
394833627 510 1
-1350819925 20 10
-972308398 20 10
-531223025 2292 8
-1110538859 2027 6
-244380620 20 6
823753157 2899 9
1889913465 2027 6
-1472117476 140 10
1661931218 20 1
324258188 170 1
1265796883 14284 3
-1770208098 100 1
75195800 20 4
1762329069 310 10
28030402 20 10
-123260723 2027 6
354642376 2140 10
-1603165668 100 15
-354413171 20 6
829105819 2616 9
-1696309228 80 7
-994272435 10 9
700425038 3569 9
-121723958 3933 9
965596788 170 1
502557832 10 9
-2142255438 10 8
-1567345559 530 3
*****************************************************
